<?xml version="1.0" encoding="UTF-8" standalone="no"?>
<!DOCTYPE svg PUBLIC "-//W3C//DTD SVG 20010904//EN"
              "http://www.w3.org/TR/2001/REC-SVG-20010904/DTD/svg10.dtd">

<svg xmlns="http://www.w3.org/2000/svg"
     width="86.4502mm" height="128.44mm"
     viewBox="0 0 245 364">
  <path id="Unnamed"
        fill="none" stroke="black" stroke-width="1"
        d="M 10.00,212.50
           C 10.00,212.50 72.91,211.82 72.73,211.82
             72.55,211.82 72.91,221.45 72.91,221.45
             72.91,221.45 82.00,221.45 82.00,221.45
             82.00,221.45 82.91,260.18 82.91,260.18
             82.91,260.18 84.36,283.09 88.91,285.64
             93.45,288.18 103.27,292.55 113.27,291.64
             123.27,290.73 133.45,290.73 141.64,283.64
             149.82,276.55 151.09,260.36 150.91,258.18
             150.73,256.00 151.64,4.91 151.64,4.91
             151.64,4.91 221.55,5.09 221.55,5.09
             221.55,5.09 221.45,14.73 221.45,14.73
             221.45,14.73 231.09,14.55 231.09,14.55
             231.09,14.55 230.50,263.50 230.50,263.50
             230.50,263.50 230.00,322.00 186.75,342.75
             143.50,363.50 136.00,355.75 130.75,358.00
             125.50,360.25 62.50,362.00 28.00,312.75
             18.00,296.25 14.50,284.25 11.75,272.25
             9.00,260.25 10.00,212.50 10.00,212.50 Z" />
</svg>
