<?xml version="1.0" encoding="UTF-8" standalone="no"?>
<!DOCTYPE svg PUBLIC "-//W3C//DTD SVG 20010904//EN"
              "http://www.w3.org/TR/2001/REC-SVG-20010904/DTD/svg10.dtd">

<svg xmlns="http://www.w3.org/2000/svg"
     width="176.429mm" height="176.429mm"
     viewBox="0 0 500 500">
  <path id="Selection #1"
        fill="none" stroke="black" stroke-width="1"
        d="M 9.00,232.00
           C 13.88,231.96 19.40,231.40 24.00,229.67
             39.39,223.89 42.98,207.66 43.00,193.00
             43.00,193.00 43.00,173.00 43.00,173.00
             43.00,173.00 41.96,156.00 41.96,156.00
             41.96,156.00 41.96,147.00 41.96,147.00
             41.65,143.13 40.85,141.29 41.09,137.00
             41.78,124.86 42.56,112.58 46.70,101.00
             55.75,75.66 79.60,72.98 103.00,71.96
             103.00,71.96 111.00,71.04 111.00,71.04
             111.00,71.04 128.00,71.04 128.00,71.04
             128.00,71.04 128.00,81.00 128.00,81.00
             128.00,81.00 138.00,81.00 138.00,81.00
             138.00,81.00 138.00,115.00 138.00,115.00
             126.91,115.00 111.75,113.85 103.13,122.21
             94.68,130.40 96.87,152.59 97.00,164.00
             97.00,164.00 98.00,177.00 98.00,177.00
             98.00,177.00 99.00,195.00 99.00,195.00
             99.00,195.00 99.00,209.00 99.00,209.00
             99.00,216.99 99.64,223.36 96.53,231.00
             92.92,239.84 86.96,245.62 79.00,250.58
             74.00,253.69 71.89,255.07 66.00,256.00
             66.00,256.00 75.72,263.67 75.72,263.67
             88.87,275.41 98.97,285.47 99.00,304.00
             99.00,304.00 99.00,322.00 99.00,322.00
             99.00,322.00 98.00,337.00 98.00,337.00
             98.00,337.00 97.00,368.00 97.00,368.00
             97.00,373.92 95.72,387.45 100.30,391.44
             104.85,395.41 121.78,395.00 128.00,395.00
             128.00,395.00 128.00,405.00 128.00,405.00
             128.00,405.00 138.00,405.00 138.00,405.00
             138.00,405.00 138.00,438.96 138.00,438.96
             138.00,438.96 123.00,438.96 123.00,438.96
             123.00,438.96 110.00,438.00 110.00,438.00
             102.75,437.96 91.96,436.35 85.00,434.28
             74.93,431.29 70.00,428.76 62.72,420.97
             56.19,413.98 53.46,413.31 48.81,404.00
             43.15,392.69 42.74,382.16 41.91,370.00
             41.91,370.00 41.02,359.00 41.02,359.00
             41.02,359.00 42.00,350.00 42.00,350.00
             42.00,350.00 42.00,338.00 42.00,338.00
             42.00,338.00 43.00,326.00 43.00,326.00
             43.00,326.00 43.00,306.00 43.00,306.00
             42.99,299.51 41.95,285.88 36.78,281.51
             31.82,277.32 22.32,279.14 19.99,276.26
             18.68,274.64 19.00,270.09 19.00,268.00
             16.50,267.99 11.70,268.38 9.99,266.26
             8.83,264.82 9.01,261.78 9.00,260.00
             9.00,260.00 9.00,232.00 9.00,232.00 Z
           M 361.00,71.00
           C 361.00,71.00 384.00,72.00 384.00,72.00
             384.00,72.00 393.00,72.00 393.00,72.00
             404.14,72.85 417.36,75.59 427.00,81.35
             432.34,84.54 433.96,87.53 438.17,91.58
             441.81,95.08 443.95,96.57 446.90,101.00
             450.17,105.93 452.29,112.30 453.85,118.00
             455.88,125.44 456.99,133.29 457.00,141.00
             457.00,141.00 457.00,157.00 457.00,157.00
             457.00,157.00 456.00,180.00 456.00,180.00
             456.00,180.00 455.00,195.00 455.00,195.00
             454.92,202.43 455.74,221.20 460.51,226.78
             464.22,231.11 474.54,231.95 480.00,232.00
             480.03,240.97 480.85,241.91 490.00,242.00
             490.00,242.00 490.00,269.00 490.00,269.00
             490.00,270.94 490.25,274.72 489.01,276.26
             487.38,278.27 481.69,278.09 479.00,278.67
             473.50,279.85 468.22,282.27 464.21,286.30
             456.03,294.52 454.87,312.91 455.00,324.00
             455.00,324.00 456.00,339.00 456.00,339.00
             456.03,358.87 459.50,379.39 454.63,399.00
             452.19,408.81 448.96,418.92 440.99,425.67
             430.83,434.27 412.07,437.84 399.00,438.00
             399.00,438.00 371.00,439.00 371.00,439.00
             371.00,439.00 371.00,429.00 371.00,429.00
             371.00,429.00 361.00,429.00 361.00,429.00
             361.00,429.00 361.00,395.00 361.00,395.00
             370.58,395.00 386.04,395.33 393.83,389.20
             405.75,379.82 401.02,359.90 401.00,347.00
             401.00,347.00 400.00,311.00 400.00,311.00
             399.98,300.31 397.80,294.46 400.76,283.00
             405.51,264.60 418.02,259.77 433.00,252.00
             425.93,249.30 422.23,245.23 417.00,240.00
             410.87,233.88 405.44,229.25 402.09,221.00
             397.32,209.23 399.98,199.60 400.00,188.00
             400.00,188.00 401.00,153.00 401.00,153.00
             401.00,153.00 402.00,134.00 402.00,134.00
             401.98,130.04 401.56,122.47 399.15,119.28
             395.06,113.87 377.50,115.00 371.00,115.00
             371.00,115.00 371.00,105.00 371.00,105.00
             371.00,105.00 361.00,105.00 361.00,105.00
             361.00,105.00 361.00,71.00 361.00,71.00 Z
           M 272.00,96.00
           C 277.83,94.34 284.90,95.00 291.00,95.00
             291.00,95.00 323.00,95.00 323.00,95.00
             330.88,95.15 329.99,97.71 330.00,105.00
             332.14,105.00 336.73,104.70 338.40,106.02
             340.38,107.59 340.00,111.70 340.00,114.00
             340.00,114.00 340.00,130.00 340.00,130.00
             340.00,130.00 340.00,207.00 340.00,207.00
             340.00,207.00 340.00,287.00 340.00,287.00
             340.00,317.33 341.26,342.51 319.71,367.00
             306.68,381.81 287.99,388.66 269.00,391.42
             234.87,396.37 205.13,391.12 180.00,366.00
             174.98,360.98 170.41,355.99 166.54,350.00
             150.90,325.78 153.00,296.49 153.00,269.00
             153.00,269.00 205.00,269.00 205.00,269.00
             205.00,269.00 205.00,279.00 205.00,279.00
             205.00,279.00 215.00,279.00 215.00,279.00
             215.00,279.00 215.00,302.00 215.00,302.00
             215.00,302.00 215.91,313.00 215.91,313.00
             216.33,318.65 217.03,326.15 220.70,330.79
             223.64,334.51 228.60,335.34 233.00,336.08
             243.47,337.84 257.60,335.69 264.61,326.98
             271.43,318.52 272.98,299.74 273.00,289.00
             273.00,289.00 273.00,162.00 273.00,162.00
             273.00,147.88 274.01,107.20 272.00,96.00 Z" />
</svg>
