<?xml version="1.0" encoding="UTF-8" standalone="no"?>
<!DOCTYPE svg PUBLIC "-//W3C//DTD SVG 20010904//EN"
              "http://www.w3.org/TR/2001/REC-SVG-20010904/DTD/svg10.dtd">

<svg xmlns="http://www.w3.org/2000/svg"
     width="176.429mm" height="176.429mm"
     viewBox="0 0 500 500">
  <path id="Unnamed #1"
        fill="none" stroke="black" stroke-width="1"
        d="M 360.50,74.50
           C 360.50,74.50 360.73,104.55 360.73,104.55
             360.73,104.55 370.36,106.36 370.36,106.36
             370.36,106.36 370.00,114.91 370.00,114.91
             370.00,114.91 390.00,115.64 390.00,115.64
             390.00,115.64 401.64,116.00 401.27,128.00
             400.91,140.00 399.27,211.27 399.27,211.27
             399.27,211.27 409.45,252.36 442.91,249.82
             408.91,267.82 399.45,262.55 398.55,304.73
             397.64,346.91 400.91,332.91 401.27,366.91
             401.64,400.91 371.27,393.27 361.82,395.09
             360.91,427.64 361.09,428.55 361.09,428.55
             361.09,428.55 370.55,429.27 370.55,429.27
             370.55,429.27 370.18,439.27 370.18,439.27
             370.18,439.27 414.18,437.45 414.18,437.45
             414.18,437.45 453.09,436.00 457.09,389.45
             455.67,309.33 450.67,273.33 489.67,278.33
             490.00,241.75 489.00,241.00 489.00,241.00
             489.00,241.00 479.75,240.50 479.75,240.50
             479.75,240.50 480.00,232.50 480.00,232.25
             480.00,232.00 445.25,245.75 457.75,156.50
             453.00,113.25 461.75,111.25 431.00,84.50
             422.50,79.00 412.00,73.25 405.75,74.00
             399.50,74.75 397.00,71.50 388.50,72.25
             380.00,73.00 361.00,71.50 361.00,71.50
             361.00,71.50 360.50,74.50 360.50,74.50 Z
           M 8.25,268.25
           C 8.25,268.25 18.25,269.00 18.25,269.00
             18.25,269.00 18.75,277.25 18.75,277.25
             18.75,277.25 30.75,279.00 30.75,279.00
             30.75,279.00 38.50,279.25 40.00,288.75
             41.50,298.25 41.50,290.75 42.25,304.00
             43.00,317.25 41.75,379.00 41.75,379.00
             41.75,379.00 43.25,395.25 49.25,405.50
             55.25,415.75 72.75,433.25 81.00,434.50
             89.25,435.75 101.25,438.00 108.00,438.25
             114.75,438.50 123.50,438.75 124.75,438.75
             126.00,438.75 138.09,439.09 138.09,439.09
             138.09,439.09 138.00,404.55 138.00,404.55
             138.00,404.55 128.18,404.27 128.18,404.27
             128.18,404.27 128.09,394.45 128.09,394.45
             128.09,394.45 104.73,393.64 104.73,393.64
             104.73,393.64 96.00,394.73 97.64,370.55
             99.27,346.36 98.91,295.45 98.91,295.45
             98.91,295.45 95.27,275.64 68.55,258.55
             87.45,244.91 100.73,238.36 99.45,212.18
             98.18,186.00 97.64,132.18 97.64,132.18
             97.64,132.18 99.64,119.64 115.27,116.00
             130.91,112.36 138.00,115.82 138.00,115.82
             138.00,115.82 137.82,81.45 137.82,81.45
             137.82,81.45 128.18,80.36 128.18,80.36
             128.18,80.36 127.64,71.09 127.64,71.09
             127.64,71.09 83.45,73.09 83.45,73.09
             83.45,73.09 45.27,75.82 42.55,117.27
             39.82,158.73 42.91,204.00 42.55,204.00
             42.18,204.00 39.45,235.09 8.55,231.82
             8.00,268.00 8.25,268.25 8.25,268.25 Z" />
</svg>
